0.00492224297508426 -3.2135516531980806e-05 0.00013221469658872105 -3.2135516531980806e-05 0.0031722345605141055 0.000721671885546769 0.00013221469658872105 0.000721671885546769 0.0010944438773177463
0.0012413490957496587 0.0009328481370426429 -0.0001882223111158876 0.0009328481370426429 0.004288714220596639 6.610734829436053e-05 -0.0001882223111158876 6.610734829436053e-05 0.0033044492571028265
0.0013092927592744182 -0.001140351758077719 -0.0009613110231138259 -0.001140351758077719 0.0035771420688170638 5.2334984066368754e-05 -0.0009613110231138259 5.2334984066368754e-05 0.0033898379153163754
0.00252860607225929 -0.0015627042610694667 -0.00011476970189993147 -0.0015627042610694667 0.004216179768995882 -0.00033604568716299934 -0.00011476970189993147 -0.00033604568716299934 0.0035082802476771053
0.0029959482983958107 -0.0002644293931774421 -0.0004820327479797121 -0.0002644293931774421 0.0025267697570288913 -0.001048535996557774 -0.0004820327479797121 -0.001048535996557774 0.002492797925266511
0.0027627362641351504 0.0003424727904693955 -0.0005821119280364524 0.0003424727904693955 0.005001204529991413 -0.00012211496282152709 -0.0005821119280364524 -0.00012211496282152709 0.00383422620107291
0.0008144058046819136 -0.00014874153366231118 0.001234003834828063 -0.00014874153366231118 0.0024560716206585335 -6.335287544876216e-05 0.001234003834828063 -6.335287544876216e-05 0.004577015711769266
0.003129081152599731 -0.0017481720993397561 0.0010164004800257932 -0.0017481720993397561 0.0037433285971681645 0.000408580138763756 0.0010164004800257932 0.000408580138763756 0.0021457343467211187
0.004159253996853516 -0.0003342093719326004 0.0008777586801306758 -0.0003342093719326004 0.003668957830337009 -0.0004801964327493132 0.0008777586801306758 -0.0004801964327493132 0.002873833335574284
0.00031217358916781356 -0.0003957259321509637 -0.0010219094257169898 -0.0003957259321509637 0.003788318320312938 -0.0010237457409473887 -0.0010219094257169898 -0.0010237457409473887 0.002148488819566717
0.004675258576595608 0.0005802756128060534 -0.0009117305118930555 0.0005802756128060534 0.005671459589087013 0.0005104956340508951 -0.0009117305118930555 0.0005104956340508951 0.004958051122077039
0.0047891101208803405 -0.0011467788613841153 0.0012101317368328772 -0.0011467788613841153 0.0026644933993088087 0.0017628626211829471 0.0012101317368328772 0.0017628626211829471 0.0037717914832393474
0.004003167202269609 0.0010356817899449815 5.876208737276491e-05 0.0010356817899449815 0.003728638075324973 7.161629398555724e-05 5.876208737276491e-05 7.161629398555724e-05 0.0033485208226324004
0.0031428535168277236 -0.0008511321092898917 -0.0012193133129848718 -0.0008511321092898917 0.0036212136343466376 -0.00025800228987104596 -0.0012193133129848718 -0.00025800228987104596 0.004117018746554341
0.0028251709819687126 0.0009034670933562606 -0.0004223525029917478 0.0009034670933562606 0.0062645894085058594 0.0006353650697180206 -0.0004223525029917478 0.0006353650697180206 0.003397183176237971
0.0018959954753868678 -0.0014763974452407182 0.0007776795000739356 -0.0014763974452407182 0.001634320555055024 0.00011385154428473201 0.0007776795000739356 0.00011385154428473201 0.0005031503731292995
0.005873454264430892 -0.00025249334417984924 0.00041959803014614944 -0.00025249334417984924 0.004977332431996227 0.0004912143241317066 0.00041959803014614944 0.0004912143241317066 0.003782809374621741
0.0035091984052923048 -0.0008189965927579109 -0.0003195188500894092 -0.0008189965927579109 0.0029316772653318495 0.0005839482432668513 -0.0003195188500894092 0.0005839482432668513 0.0038819703970632818
0.002950958575251038 0.0004177617149157505 -4.774419599037149e-05 0.0004177617149157505 0.004231788448454273 0.000790533706686728 -4.774419599037149e-05 0.000790533706686728 0.0003057464858614174
0.0012413490957496587 -0.0010274183714081863 0.0006601553253284058 -0.0010274183714081863 0.0027792631012087403 7.98797125223523e-05 0.0006601553253284058 7.98797125223523e-05 0.0019685299269876244
0.003077664326148562 -0.00032961858385660315 -0.0005720121942692583 -0.00032961858385660315 0.003892070130830476 0.0006050658684164386 -0.0005720121942692583 0.0006050658684164386 0.00462108727729884
0.002446890044506539 0.0013735637923383798 -0.0006996361027819822 0.0013735637923383798 0.007644580304150635 0.0018326425999381055 -0.0006996361027819822 0.0018326425999381055 0.0031079635274501444
0.0034550271059955364 0.00022678493095426458 1.5608679458390678e-05 0.00022678493095426458 0.0034284005351547524 -0.0009457023436554353 1.5608679458390678e-05 -0.0009457023436554353 0.003051037755307778
0.0037249654448641757 0.000550894569119671 0.0004930506393621056 0.000550894569119671 0.004495299684016516 3.029920130158191e-05 0.0004930506393621056 3.029920130158191e-05 0.004937851654542651
0.0035826510145082605 -0.00010558812574793694 0.0009245847185058479 -0.00010558812574793694 0.0031456079896733215 -9.916102244154078e-05 0.0009245847185058479 -9.916102244154078e-05 0.0022182687983218754
0.002111762514958739 0.00017536810450309527 -0.001168814644148902 0.00017536810450309527 0.005432738609135156 -0.00026259307794704317 -0.001168814644148902 -0.00026259307794704317 -0.0003975622473813626
0.0034173826437723593 -0.0007694160815371405 0.0005619124605020645 -0.0007694160815371405 0.0008144058046819136 0.0011192341329281316 0.0005619124605020645 0.0011192341329281316 0.006331614914415419
0.004346558150354204 0.0021558340804883123 -0.0012413490957496587 0.0021558340804883123 0.003937978011590448 0.0008612318430570857 -0.0012413490957496587 0.0008612318430570857 0.00495621480684664
0.0015718858372214613 0.001083425985935353 -0.0004820327479797121 0.001083425985935353 0.00431901342189822 0.0009539657621922303 -0.0004820327479797121 0.0009539657621922303 0.004691785413669198
0.0020383099057427827 0.0005389585201220781 -0.0007978789676083235 0.0005389585201220781 0.003306285572333226 0.0009401933979642386 -0.0007978789676083235 0.0009401933979642386 0.001679310278199797
0.0019143586276908567 -5.6925772142366004e-05 -7.345260921595614e-05 -5.6925772142366004e-05 0.003614786531040241 0.0006032295531860398 -7.345260921595614e-05 0.0006032295531860398 0.003843407777224905
0.00028187438786623164 0.00030758280109181635 0.00023504834949105964 0.00030758280109181635 0.0026599026112328113 -0.0002203578276478684 0.00023504834949105964 -0.0002203578276478684 0.003978376946659225
0.003544088394669884 -0.0005848664008820507 -0.00046642406852132143 -0.0005848664008820507 0.003325566882252414 0.0006390377001788184 -0.00046642406852132143 0.0006390377001788184 0.007742823168976976
0.0019116041548452585 -0.0013524461671887923 -0.00026351123556224264 -0.0013524461671887923 0.003464208682147531 0.0010604720455553666 -0.00026351123556224264 0.0010604720455553666 0.004066520077718371
0.0026644933993088087 0.0010815896707049542 -0.0003250277957806059 0.0010815896707049542 0.005785311133371745 0.00021576703957187115 -0.0003250277957806059 0.00021576703957187115 0.000882349468206673
0.003307203729948425 0.00017904073496389307 -0.0008520502669050912 0.00017904073496389307 0.0036432494171114243 0.0004498972314477313 -0.0008520502669050912 0.0004498972314477313 0.0048322635287947144
0.002123698563956332 -0.0014975150703903058 -4.958051122077039e-05 -0.0014975150703903058 0.0036717123031826076 -0.0005297769439700837 -4.958051122077039e-05 -0.0005297769439700837 0.0027976262535127296
0.004880007724785086 0.00030850095870701576 0.0002736109693294366 0.00030850095870701576 0.004081210599561563 0.0002791199150206333 0.0002736109693294366 0.0002791199150206333 0.004293305008672636
0.004187716882924699 0.0013561187976495902 0.0003498180513909911 0.0013561187976495902 0.0036368223138050285 0.0004003167202269609 0.0003498180513909911 0.0004003167202269609 0.0008887765715130693
0.004588951760766859 -0.0011825870083768937 -0.00030482832824621796 -0.0011825870083768937 0.006332533072030618 0.0004076619811485565 -0.00030482832824621796 0.0004076619811485565 0.0024175090008201564
0.002268767467157845 0.0011054617687001399 -0.0011431062309233172 0.0011054617687001399 0.0036707941455674077 -0.0004517335466781303 -0.0011431062309233172 -0.0004517335466781303 0.0014231443035591501
0.0042501516007582615 0.0003791990950773736 0.00013588732704951885 0.0003791990950773736 0.004205161877613489 -0.00010926075620873476 0.00013588732704951885 -0.00010926075620873476 0.004634859641526832
0.0020585093732771705 -0.0010173186376409924 -8.630681582874845e-05 -0.0010173186376409924 0.00306481011953577 0.0008795949953610747 -8.630681582874845e-05 0.0008795949953610747 0.0005068230035900973
0.006136965499993136 -0.0009420297131946374 0.0005637487757324633 -0.0009420297131946374 0.004133545583627931 -0.0012239041010608691 0.0005637487757324633 -0.0012239041010608691 0.0012808298732032352
0.004079374284331164 0.0011577967527665086 -0.0011091343991609377 0.0011577967527665086 0.001873959692622081 0.0009135668271234544 -0.0011091343991609377 0.0009135668271234544 0.002744373111831161
0.004598133336918854 1.4690521843191228e-05 -0.0005407948353524771 1.4690521843191228e-05 0.005662278012935018 0.0008685771039786813 -0.0005407948353524771 0.0008685771039786813 0.00035991778515818507
0.004541207564776488 -0.002087890416963553 -0.0003461454209301933 -0.002087890416963553 0.0074857390367211295 -7.345260921595614e-06 -0.0003461454209301933 -7.345260921595614e-06 0.002784772046899937
0.004509072048244508 -3.029920130158191e-05 0.000237802822336658 -3.029920130158191e-05 0.0023550742829865938 -0.0005472219386588731 0.000237802822336658 -0.0005472219386588731 0.0017050186914253818
0.004307995530515827 0.0015498500544566746 -0.00175827183310695 0.0015498500544566746 0.001800507083406125 0.00025157518656464977 -0.00175827183310695 0.00025157518656464977 0.0052683883960144545
0.0005912935041884469 -3.1217358916781356e-05 0.0017573536754917506 -3.1217358916781356e-05 0.002734273378063967 0.0008970399900498642 0.0017573536754917506 0.0008970399900498642 0.002140225401029922
0.0021622611837947086 -0.0015351595326134832 -1.3772364227991774e-05 -0.0015351595326134832 0.005075575296822569 -0.0003791990950773736 -1.3772364227991774e-05 -0.0003791990950773736 0.0065583998453696835
-0.0010310910018689842 -0.001187177796452891 -0.001784898403947734 -0.001187177796452891 -0.0013065382864288198 -0.0005729303518844579 -0.001784898403947734 -0.0005729303518844579 -0.0015397503206894805
-0.0038544256686072983 0.0022026601188634845 -0.0013166380201960137 0.0022026601188634845 -0.0024422992564305415 0.0004214343453765483 -0.0013166380201960137 0.0004214343453765483 -0.0031841706095116985
0.0009851831211090116 0.001302865655968022 -0.001717872898038174 0.001302865655968022 0.000835523429831501 -0.00020107651772867995 -0.001717872898038174 -0.00020107651772867995 0.0018656962740852857
0.00023963913756705688 0.0014635432386279259 0.0011357609700017217 0.0014635432386279259 0.002466171354425727 -0.00012854206612792322 0.0011357609700017217 -0.00012854206612792322 0.0019015044210780644
0.001299193025507224 0.0006629097981740042 0.00038103541030777246 0.0006629097981740042 -0.0012000320030656833 -0.0010154823224105937 0.00038103541030777246 -0.0010154823224105937 0.0024294450498177494
0.0018445786489356983 0.0009934465396458068 0.0006840274233235915 0.0009934465396458068 -0.0006445466458700151 -0.000986101278724211 0.0006840274233235915 -0.000986101278724211 0.003294349523335633
0.0047652380228851545 0.0018271336542469087 -0.0014892516518535107 0.0018271336542469087 0.0034026921219291683 -0.0012661393513600438 -0.0014892516518535107 -0.0012661393513600438 0.00321538796842848
0.0032475234849604607 -0.0005270224711244853 -0.0006069021836468376 -0.0005270224711244853 0.0035339886609026894 -0.00018730415350068813 -0.0006069021836468376 -0.00018730415350068813 0.004902961665165071
0.0038691161904504893 0.0009346844522730419 -0.0029482041024054394 0.0009346844522730419 0.002097071993115548 -0.00036818120369498013 -0.0029482041024054394 -0.00036818120369498013 0.0032668047948796494
0.002175115390407501 -0.0009558020774226292 -0.0009062215662018589 -0.0009558020774226292 0.0004746874870581165 0.0004223525029917478 -0.0009062215662018589 0.0004223525029917478 0.0026452120893896204
0.0008878584138978698 -0.0006977997875515833 0.0009163212999690527 -0.0006977997875515833 0.0003957259321509637 -0.0009686562840354216 0.0009163212999690527 -0.0009686562840354216 0.0026938744429951915
0.0010907712468569487 0.0008740860496698781 -0.0006785184776323948 0.0008740860496698781 0.0025607415887912706 0.0020107651772867993 -0.0006785184776323948 0.0020107651772867993 -4.6826038375172033e-05
0.004255660546449459 0.0008061423861451186 -0.001917113100536455 0.0008061423861451186 0.0038507530381465004 0.0011440243885385167 -0.001917113100536455 0.0011440243885385167 0.0029849304070134175
0.00021852151241746952 0.0002543296594102481 0.00020291283295907883 0.0002543296594102481 0.0009916102244154079 -0.0016159574027510351 0.00020291283295907883 -0.0016159574027510351 -0.0007124903093947745
0.0036955844011777933 0.0009282573489666457 -0.0002699383388686388 0.0009282573489666457 0.0026644933993088087 0.0018142794476341166 -0.0002699383388686388 0.0018142794476341166 0.003880134081832883
0.0026644933993088087 -0.00015333232173830844 0.002081463313657157 -0.00015333232173830844 0.0021778698632530995 -0.0018794686383132775 0.002081463313657157 -0.0018794686383132775 0.001798670768175726
0.005197690259644097 -0.0005472219386588731 -0.0014800700757015162 -0.0005472219386588731 0.0031079635274501444 -0.0001762862621182947 -0.0014800700757015162 -0.0001762862621182947 0.004870826148633091
0.0030519559129229775 0.0009548839198074298 0.00024422992564305417 0.0009548839198074298 0.0008538865821354902 0.0010889349316265497 0.00024422992564305417 0.0010889349316265497 0.0005573216724260672
0.006392213317018583 0.00021760335480227008 0.00020658546341987663 0.00021760335480227008 0.007579391113471474 0.0015278142716918877 0.00020658546341987663 0.0015278142716918877 0.007816275778192933
0.006762230835943962 -0.00043612486721973957 0.00027085649648383824 -0.00043612486721973957 0.006825583711392724 -0.0012312493619824649 0.00027085649648383824 -0.0012312493619824649 0.006759476363098363
0.007017478652969409 0.00022953940379986294 8.5388658213549e-05 0.00022953940379986294 0.003652430993263419 -0.0006821911080931926 8.5388658213549e-05 -0.0006821911080931926 0.006500555915612118
0.007186419654166108 -0.0001597594250447046 -0.00045448801952372857 -0.0001597594250447046 0.0066079803565904545 0.00013037838135832215 -0.00045448801952372857 0.00013037838135832215 0.010340291062376225
0.005599843295101456 0.000922748403275449 -0.0012431854109800577 0.000922748403275449 0.0035505154979762798 0.0012404309381344593 -0.0012431854109800577 0.0012404309381344593 0.0049213248174690616
0.00532623232577202 0.0004113346116093544 -0.0015452592663806773 0.0004113346116093544 0.004846954050637906 -8.447050059834955e-05 -0.0015452592663806773 -8.447050059834955e-05 0.004389711558268578
0.008536111348509302 -0.0007951244947627252 -4.6826038375172033e-05 -0.0007951244947627252 0.006157164967527523 0.00011385154428473201 -4.6826038375172033e-05 0.00011385154428473201 0.007375560122897196
0.008301062999018243 0.00024606624087345305 -0.0004994777426685017 0.00024606624087345305 0.004860726414865897 0.0002965649097094229 -0.0004994777426685017 0.0002965649097094229 0.006782430303478349
0.007042268908579794 0.0004682603837517204 0.0005343677320460809 0.0004682603837517204 0.005001204529991413 0.000884185783437072 0.0005343677320460809 0.000884185783437072 0.005456610707130341
0.005101283710048154 7.069813637035779e-05 -0.0001863859958854887 7.069813637035779e-05 0.004666995158058813 0.0009080578814322578 -0.0001863859958854887 0.0009080578814322578 0.007433404052654761
0.008180784351427115 -0.0008373597450619001 -0.00036267225800378346 -0.0008373597450619001 0.005142600802732129 -0.0006766821624019959 -0.00036267225800378346 -0.0006766821624019959 0.006039640792781993
0.008187211454733511 -0.0010402725780209788 0.0003103372739374147 -0.0010402725780209788 0.003832389885842511 0.00018730415350068813 0.0003103372739374147 0.00018730415350068813 0.0065409548506808945
0.005430902293904757 0.00038103541030777246 0.0006096566564924359 0.00038103541030777246 0.00408580138763756 0.00043520670960454016 0.0006096566564924359 0.00043520670960454016 0.0050471124107513855
0.005934970824649256 0.0008722497344394791 0.001483742706162314 0.0008722497344394791 0.0076436621465354355 1.9281309919188485e-05 0.001483742706162314 1.9281309919188485e-05 0.006231535734358679
0.0062012365330570965 -0.00021760335480227008 -3.029920130158191e-05 -0.00021760335480227008 0.00745176720495875 -0.000408580138763756 -3.029920130158191e-05 -0.000408580138763756 0.004568752293232472
0.004790946436110739 -0.0007574800325395477 0.0007831884457651323 -0.0007574800325395477 0.004846035893022706 -6.794366352475943e-05 0.0007831884457651323 -6.794366352475943e-05 0.005973533444487633
0.0049369334969274516 0.0015158782226942947 0.0004774419599037149 0.0015158782226942947 0.0036111139005794435 0.0009291755065818451 0.0004774419599037149 0.0009291755065818451 0.006417921730244168
0.006091057619233163 0.0007280989888531652 0.0016940008000429884 0.0007280989888531652 0.005354695211843202 -0.00019924020249828103 0.0016940008000429884 -0.00019924020249828103 0.005971697129257234
0.005027831100832198 0.0017692897244893434 -8.35523429831501e-05 0.0017692897244893434 0.004476936531712526 0.0004985595850533022 -8.35523429831501e-05 0.0004985595850533022 0.003762609907087353
0.004734020663968373 0.002332120342606607 0.00014874153366231118 0.002332120342606607 0.007829129984805725 0.00013313285420392051 0.00014874153366231118 0.00013313285420392051 0.004995695584300217
0.003226405859810873 0.0013588732704951886 -0.0010760807250137575 0.0013588732704951886 0.0068228292385471255 0.0006225108631052283 -0.0010760807250137575 0.0006225108631052283 0.0052031992053352925
0.006107584456306752 -0.0005940479770340452 -0.0018776323230828785 -0.0005940479770340452 0.005581480142797467 0.0004811145903645127 -0.0018776323230828785 0.0004811145903645127 0.007865856289413702
0.008638945001411642 0.00037185383415577793 -0.0020373917481275833 0.00037185383415577793 0.004857053784405099 0.0010714899369377601 -0.0020373917481275833 0.0010714899369377601 0.007187337811781308
0.0029078051673366635 0.00120554094875688 5.6925772142366004e-05 0.00120554094875688 0.003811272260692924 -0.00015241416412310898 5.6925772142366004e-05 -0.00015241416412310898 0.006253571517123465
0.0064877017089993265 0.0005766029823452557 -0.0017426631536485594 0.0005766029823452557 0.0048184911645667225 0.00027085649648383824 -0.0017426631536485594 0.00027085649648383824 0.006327942283954621
0.005990978439176423 0.0006794366352475943 -0.0006399558577940179 0.0006794366352475943 0.005472219386588732 -0.00039205330169016586 -0.0006399558577940179 -0.00039205330169016586 0.005432738609135156
0.00745176720495875 -0.00031492806201341195 -0.0008777586801306758 -0.00031492806201341195 0.007672125032606619 -0.0010503723117881727 -0.0008777586801306758 -0.0010503723117881727 0.006087384988772365
0.004737693294429171 0.0001726136316574969 -0.0005261043135092858 0.0001726136316574969 0.006315088077341829 -0.00041041645399415497 -0.0005261043135092858 -0.00041041645399415497 0.005048948725981785
0.0055227180554247015 -0.0012808298732032352 -9.548839198074298e-05 -0.0012808298732032352 0.007404023008968378 -0.00012395127805192599 -9.548839198074298e-05 -0.00012395127805192599 0.006991770239743824
0.005702676948003795 -0.0008740860496698781 0.0006776003200171954 -0.0008740860496698781 0.006612571144666452 -0.0003911351440749664 0.0006776003200171954 -0.0003911351440749664 0.005134337384195334
0.00673284979225758 0.0003241096381654065 0.0011229067633889294 0.0003241096381654065 0.006147065233760329 -0.0005472219386588731 0.0011229067633889294 -0.0005472219386588731 0.006169101016525116
0.006577681155288872 -0.0005940479770340452 -0.00010558812574793694 -0.0005940479770340452 0.004817573006951523 -0.0003002375401702207 -0.00010558812574793694 -0.0003002375401702207 0.005888144786274084
0.004377775509270985 -0.0014681340267039234 -0.0007703342391523399 -0.0014681340267039234 0.0034100373828507636 0.00017169547404229747 -0.0007703342391523399 0.00017169547404229747 0.003891151973215276
0.005862436373048499 -0.0010779170402441562 0.0004177617149157505 -0.0010779170402441562 0.004096819279019954 -0.0005178408949724907 0.0004177617149157505 -0.0005178408949724907 0.0049644782253834355
0.004814818534105925 -0.0009190757728146512 0.00043428855198934064 -0.0009190757728146512 0.005165554743112115 -0.0010274183714081863 0.00043428855198934064 -0.0010274183714081863 0.0063628322733322
0.004535698619085291 -0.0008603136854418862 -0.0009053034085866594 -0.0008603136854418862 0.004723920930201179 -0.000524267998278887 -0.0009053034085866594 -0.000524267998278887 0.006063512890777179
0.007168974659477319 0.00031217358916781356 -0.0005316132592004825 0.00031217358916781356 0.00699911550066542 -0.0007556437173091488 -0.0005316132592004825 -0.0007556437173091488 0.007226818589234884
0.006471174871925736 -0.00033604568716299934 -0.0005692577214236601 -0.00033604568716299934 0.006037804477551594 -0.00041684355730055105 -0.0005692577214236601 -0.00041684355730055105 0.005101283710048154
0.006325187811109022 -0.00028187438786623164 -0.0007556437173091488 -0.00028187438786623164 0.004653222793830822 0.000760234505385146 -0.0007556437173091488 0.000760234505385146 0.003899415391752071
0.006569417736752077 -0.0009420297131946374 0.0002433117680278547 -0.0009420297131946374 0.007073486267496576 0.0014580342929367293 0.0002433117680278547 0.0014580342929367293 0.00696514366890304
0.005488746223662322 0.00011660601713033036 0.0007831884457651323 0.00011660601713033036 0.005901917150502076 -0.00038470804076857026 0.0007831884457651323 -0.00038470804076857026 0.006547381953987291
0.004518253624396501 0.0006069021836468376 0.0002019946753438794 0.0006069021836468376 0.005197690259644097 -0.000493968796977305 0.0002019946753438794 -0.000493968796977305 0.00433829473181741
0.0037010933468689896 -4.0398935068775876e-05 0.0006518919067916107 -4.0398935068775876e-05 0.00437134840596459 -0.0005104956340508951 0.0006518919067916107 -0.0005104956340508951 0.005272061026475252
0.0049213248174690616 -0.00015700495219910624 -0.0010935257197025468 -0.00015700495219910624 0.00477074696857635 0.0009365207675034408 -0.0010935257197025468 0.0009365207675034408 0.005192181313952899
0.005964351868335638 -0.0005591579876564661 -0.0006776003200171954 -0.0005591579876564661 0.005932216351803658 0.0010962801925481452 -0.0006776003200171954 0.0010962801925481452 0.006593289834747263
0.0041950621438462945 0.0008878584138978698 0.00015333232173830844 0.0008878584138978698 0.00487266246386349 0.00034706357854539274 0.00015333232173830844 0.00034706357854539274 0.003614786531040241
0.003837898831533708 -0.0003351275295477999 -0.00014323258797111448 -0.0003351275295477999 0.005485991750816724 -0.00042877960629814397 -0.00014323258797111448 -0.00042877960629814397 0.0036707941455674077
0.0038691161904504893 -0.0010393544204057793 0.0003342093719326004 -0.0010393544204057793 0.004535698619085291 -0.0007795158153043345 0.0003342093719326004 -0.0007795158153043345 0.004857053784405099
0.0052839970754728445 -0.0011476970189993147 -0.00063628322733322 -0.0011476970189993147 0.005519963582579104 0.00030850095870701576 -0.00063628322733322 0.00030850095870701576 0.006870573434537497
0.005212380781487287 -0.00010191549528713913 -0.000361754100388584 -0.00010191549528713913 0.006219599685361086 -0.0009346844522730419 -0.000361754100388584 -0.0009346844522730419 0.00658043562813447
0.005480482805125527 -0.000886022098667471 -0.0004746874870581165 -0.000886022098667471 0.005412539141600768 0.001587494516679852 -0.0004746874870581165 0.001587494516679852 0.003546842867515482
0.0021824606513290968 0.0010880167740113503 0.0007987971252235229 0.0010880167740113503 0.00038838067122936806 -0.0009796741754178149 0.0007987971252235229 -0.0009796741754178149 0.004087637702867959
0.005664114328165417 0.0024000640061313666 -0.0013294922268088062 0.0024000640061313666 0.004685358310362802 -0.0012716482970512406 -0.0013294922268088062 -0.0012716482970512406 0.004462246009869336
0.0049938592690698174 -0.00015884126742950514 -0.0004296977639133434 -0.00015884126742950514 0.005665950643395817 -3.9480777453576426e-05 -0.0004296977639133434 -3.9480777453576426e-05 0.006361914115717
0.003226405859810873 -0.0004462246009869335 0.00030482832824621796 -0.0004462246009869335 0.00450448126016851 -0.00020474914818947773 0.00030482832824621796 -0.00020474914818947773 0.006141556288069133
0.0017077731642709804 -0.000323191480550207 -0.00033237305670220154 -0.000323191480550207 0.0014405892982479397 0.0007547255596939492 -0.00033237305670220154 0.0007547255596939492 0.0036707941455674077
0.0021640974990251075 0.0006417921730244167 -0.0004315340791437423 0.0006417921730244167 0.006182873380753108 0.0009346844522730419 -0.0004315340791437423 0.0009346844522730419 0.00637844095279059
0.004333703943741412 -0.0009741652297266183 9.824286482634133e-05 -0.0009741652297266183 0.0020557549004315725 0.0002855470183270295 9.824286482634133e-05 0.0002855470183270295 0.0028784241236502815
0.00442092891718536 0.0003002375401702207 0.0003287004262414037 0.0003002375401702207 0.00437043024834939 0.0014359985101719424 0.0003287004262414037 0.0014359985101719424 0.0008529684245202907
0.004449391803256543 -0.0006720913743259987 0.00021943967003266895 -0.0006720913743259987 0.002824252824353513 0.0006013932379556408 0.00021943967003266895 0.0006013932379556408 0.001954757562759633
0.004875416936709089 0.0009108123542778561 0.00022403045810866622 0.0009108123542778561 0.001627893451748628 -0.0007244263583923675 0.00022403045810866622 -0.0007244263583923675 0.002211841695015479
0.0023284477121458098 0.0003727719917709774 0.002012601492517198 0.0003727719917709774 0.0014130445697919563 -0.0002075036210350761 0.002012601492517198 -0.0002075036210350761 0.0021512432924123154
-0.0006629097981740042 0.002715910225759978 -0.0005802756128060534 0.002715910225759978 -0.0014607887657823275 -0.0009842649634938122 -0.0005802756128060534 -0.0009842649634938122 0.000949374974116233
